%YAML:1.0

#--------------------------------------------------------------------------------------------
# Camera Parameters. Adjust them!
#--------------------------------------------------------------------------------------------
File.version: "1.0"

Camera.type: "KannalaBrandt8"

# Camera calibration and distortion parameters (OpenCV) 
Camera.fx: 380.81042871360756
Camera.fy: 380.81194179427075
Camera.cx: 510.29465304840727
Camera.cy: 514.3304630538506

# Equidistant distortion 0.0034823894022493434, 0.0007150348452162257, -0.0020532361418706202, 0.00020293673591811182
#Camera.bFishEye: 1
Camera.k1: 0.010171079892421483
Camera.k2: -0.010816440029919381
Camera.k3: 0.005942781769412756
Camera.k4: -0.001662284667857643
    
# Camera resolution
Camera.width: 1024
Camera.height: 1024

# Camera frames per second 
Camera.fps: 20

# Transformation from body-frame (imu) to camera
IMU.T_b_c1: !!opencv-matrix
   rows: 4
   cols: 4
   dt: f
   data: [-0.9995250378696743, 0.0075019185074052044, -0.02989013031643309, 0.045574835649698026, 
          0.029615343885863205, -0.03439736061393144, -0.998969345370175, -0.071161801837997044,
         -0.008522328211654736, -0.9993800792498829, 0.03415885127385616, -0.044681254117144367,
          0.0, 0.0, 0.0, 1.0]

# IMU noise (Use those from VINS-mono)
IMU.NoiseGyro: 0.00016 # rad/s^0.5 
IMU.NoiseAcc: 0.0028 # m/s^1.5
IMU.GyroWalk: 0.000022 # rad/s^1.5
IMU.AccWalk: 0.00086 # m/s^2.5
IMU.Frequency: 200.0
IMU.IniTime: 8. # second
ViewCosTh: 0.9 

ActiveLoop: 1
